3 191 183 29 189 78 159 142 147 190 
22 123 183 29 189 78 159 142 147 190 
197 183 29 189 78 159 142 147 190 45 
183 29 189 78 159 142 147 190 45 124 
63 88 183 29 189 78 159 142 147 190 
96 123 183 29 189 78 159 142 147 190 
195 183 29 189 78 159 142 147 190 45 
143 183 29 189 78 159 142 147 190 45 
183 29 189 78 159 142 147 190 45 124 
183 29 189 78 159 142 147 190 45 124 
183 29 189 78 159 142 147 190 45 124 
124 183 29 189 78 159 142 147 190 45 
58 124 183 29 189 78 159 142 147 190 
31 183 29 189 78 159 142 147 190 45 
60 183 29 189 78 159 142 147 190 45 
183 29 189 78 159 142 147 190 45 124 
143 183 29 189 78 159 142 147 190 45 
73 183 29 189 78 159 142 147 190 45 
188 183 29 189 78 159 142 147 190 45 
159 164 188 183 29 189 78 159 142 147 
157 182 183 29 189 78 159 142 147 190 
121 187 183 29 189 78 159 142 147 190 
183 29 189 78 159 142 147 190 45 124 
183 29 189 78 159 142 147 190 45 124 
182 198 183 29 189 78 159 142 147 190 
28 182 183 29 189 78 159 142 147 190 
7 77 190 183 29 189 78 159 142 147 
44 77 164 188 183 29 189 78 159 142 
183 29 189 78 159 142 147 190 45 124 
28 183 29 189 78 159 142 147 190 45 
33 183 29 189 78 159 142 147 190 45 
57 183 29 189 78 159 142 147 190 45 
183 29 189 78 159 142 147 190 45 124 
30 63 160 183 29 189 78 159 142 147 
183 29 189 78 159 142 147 190 45 124 
183 29 189 78 159 142 147 190 45 124 
28 182 183 29 189 78 159 142 147 190 
55 79 98 181 183 29 189 78 159 142 
2 12 31 188 183 29 189 78 159 142 
109 122 183 29 189 78 159 142 147 190 
183 29 189 78 159 142 147 190 45 124 
72 166 183 29 189 78 159 142 147 190 
63 88 171 193 183 29 189 78 159 142 
31 44 188 183 29 189 78 159 142 147 
183 29 189 78 159 142 147 190 45 124 
32 183 29 189 78 159 142 147 190 45 
94 183 29 189 78 159 142 147 190 45 
183 29 189 78 159 142 147 190 45 124 
183 29 189 78 159 142 147 190 45 124 
143 183 29 189 78 159 142 147 190 45 
183 29 189 78 159 142 147 190 45 124 
0 183 29 189 78 159 142 147 190 45 
167 188 183 29 189 78 159 142 147 190 
123 183 29 189 78 159 142 147 190 45 
40 183 29 189 78 159 142 147 190 45 
43 62 76 183 29 189 78 159 142 147 
28 126 183 29 189 78 159 142 147 190 
189 183 29 189 78 159 142 147 190 45 
183 29 189 78 159 142 147 190 45 124 
98 182 183 29 189 78 159 142 147 190 
26 104 197 183 29 189 78 159 142 147 
28 141 169 183 29 189 78 159 142 147 
183 29 189 78 159 142 147 190 45 124 
34 172 183 29 189 78 159 142 147 190 
28 147 183 29 189 78 159 142 147 190 
12 28 183 29 189 78 159 142 147 190 
188 183 29 189 78 159 142 147 190 45 
22 77 123 183 29 189 78 159 142 147 
1 157 189 183 29 189 78 159 142 147 
183 29 189 78 159 142 147 190 45 124 
67 97 158 183 29 189 78 159 142 147 
183 29 189 78 159 142 147 190 45 124 
183 29 189 78 159 142 147 190 45 124 
41 161 183 29 189 78 159 142 147 190 
28 183 29 189 78 159 142 147 190 45 
130 156 183 29 189 78 159 142 147 190 
183 29 189 78 159 142 147 190 45 124 
107 183 29 189 78 159 142 147 190 45 
183 29 189 78 159 142 147 190 45 124 
183 29 189 78 159 142 147 190 45 124 
43 183 29 189 78 159 142 147 190 45 
183 29 189 78 159 142 147 190 45 124 
183 29 189 78 159 142 147 190 45 124 
1 27 87 103 183 29 189 78 159 142 
19 33 61 197 183 29 189 78 159 142 
69 183 29 189 78 159 142 147 190 45 
20 40 44 155 188 183 29 189 78 159 
2 12 72 166 183 29 189 78 159 142 
61 188 183 29 189 78 159 142 147 190 
183 29 189 78 159 142 147 190 45 124 
47 67 158 183 29 189 78 159 142 147 
63 88 193 183 29 189 78 159 142 147 
153 198 183 29 189 78 159 142 147 190 
183 29 189 78 159 142 147 190 45 124 
188 183 29 189 78 159 142 147 190 45 
156 183 29 189 78 159 142 147 190 45 
28 183 29 189 78 159 142 147 190 45 
31 44 77 188 183 29 189 78 159 142 
77 190 183 29 189 78 159 142 147 190 
72 166 183 29 189 78 159 142 147 190 
